-15.4009,-11.93612,29.52023
-15.40556,-11.92995,29.51172
-15.40965,-11.92264,29.50304
-15.4132,-11.91437,29.49426
-15.41622,-11.90529,29.48548
-15.41875,-11.89559,29.47676
-15.42081,-11.88544,29.46821
-15.42244,-11.875,29.45989
-15.42366,-11.86445,29.45191
-15.42451,-11.85395,29.44432
-15.425,-11.84368,29.43723
-15.42517,-11.83381,29.43071
-15.42505,-11.8245,29.42484
-15.42467,-11.81594,29.41972
-15.42404,-11.80828,29.41541
-15.42321,-11.8017,29.41201
-15.4222,-11.79638,29.40961
-15.42104,-11.79248,29.40826
-15.41975,-11.79016,29.40808
-15.41837,-11.78962,29.40914
-15.41692,-11.791,29.41151
-15.40534,-11.76968,29.40878
-15.39522,-11.75079,29.40623
-15.38645,-11.73418,29.40384
-15.37895,-11.71966,29.40161
-15.37262,-11.70706,29.3995
-15.36737,-11.69622,29.39749
-15.36309,-11.68695,29.39556
-15.35971,-11.6791,29.39369
-15.35711,-11.67249,29.39187
-15.35521,-11.66695,29.39006
-15.35391,-11.6623,29.38825
-15.35312,-11.65838,29.38642
-15.35274,-11.65501,29.38454
-15.35267,-11.65202,29.3826
-15.35283,-11.64925,29.38058
-15.35311,-11.64651,29.37844
-15.35343,-11.64364,29.37618
-15.35368,-11.64046,29.37376
-15.35378,-11.63681,29.37118
-15.35362,-11.63252,29.36841
-15.35467,-11.63057,29.36601
-15.35532,-11.62752,29.36325
-15.35563,-11.62348,29.36013
-15.35561,-11.61852,29.3567
-15.35531,-11.61276,29.35299
-15.35476,-11.60628,29.34901
-15.354,-11.59918,29.34482
-15.35307,-11.59157,29.34044
-15.35199,-11.58353,29.3359
-15.3508,-11.57516,29.33123
-15.34955,-11.56656,29.32647
-15.34826,-11.55783,29.32164
-15.34697,-11.54905,29.31678
-15.34572,-11.54034,29.31191
-15.34454,-11.53178,29.30708
-15.34346,-11.52346,29.30231
-15.34253,-11.5155,29.29763
-15.34177,-11.50797,29.29307
-15.34123,-11.50099,29.28867
-15.34093,-11.49464,29.28445
-15.32673,-11.48397,29.29093
-15.31348,-11.47409,29.29702
-15.3011,-11.46492,29.30274
-15.2895,-11.45638,29.30813
-15.27859,-11.44839,29.31322
-15.26827,-11.44087,29.31804
-15.25847,-11.43373,29.32261
-15.24908,-11.4269,29.32696
-15.24003,-11.4203,29.33113
-15.23122,-11.41384,29.33515
-15.22256,-11.40744,29.33904
-15.21397,-11.40102,29.34282
-15.20535,-11.3945,29.34655
-15.19661,-11.3878,29.35023
-15.18767,-11.38084,29.35391
-15.17843,-11.37353,29.35761
-15.16881,-11.3658,29.36135
-15.15872,-11.35756,29.36518
-15.14806,-11.34874,29.36912
-15.13676,-11.33925,29.3732
-15.12139,-11.31967,29.37333
-15.10629,-11.3013,29.37407
-15.0914,-11.28403,29.37539
-15.07668,-11.26778,29.37727
-15.06208,-11.25246,29.37969
-15.04757,-11.238,29.38263
-15.03309,-11.2243,29.38605
-15.01861,-11.21127,29.38994
-15.00407,-11.19883,29.39427
-14.98943,-11.18689,29.39903
-14.97464,-11.17537,29.40418
-14.95967,-11.16417,29.40972
-14.94446,-11.15322,29.4156
-14.92898,-11.14242,29.42181
-14.91317,-11.13169,29.42833
-14.89699,-11.12094,29.43513
-14.8804,-11.11009,29.44219
-14.86335,-11.09904,29.44949
-14.84579,-11.08772,29.45701
-14.82769,-11.07602,29.46471
-14.80367,-11.0682,29.4799
-14.77911,-11.0594,29.49471
-14.75417,-11.04978,29.50912
-14.72904,-11.03948,29.5231
-14.70387,-11.02866,29.53663
-14.67885,-11.01745,29.54967
-14.65414,-11.00601,29.5622
-14.62991,-10.99448,29.5742
-14.60633,-10.98302,29.58563
-14.58358,-10.97177,29.59648
-14.56183,-10.96089,29.6067
-14.54124,-10.95051,29.61628
-14.522,-10.94078,29.62519
-14.50426,-10.93187,29.63341
-14.4882,-10.9239,29.64089
-14.47399,-10.91704,29.64763
-14.46181,-10.91142,29.65359
-14.45181,-10.90721,29.65874
-14.44419,-10.90453,29.66306
-14.43909,-10.90356,29.66652
-14.41936,-10.89239,29.67371
-14.39696,-10.87921,29.68127
-14.37231,-10.86435,29.68916
-14.34581,-10.84811,29.69731
-14.31784,-10.83082,29.70568
-14.28883,-10.81278,29.71421
-14.25917,-10.79431,29.72284
-14.22925,-10.77573,29.73152
-14.19948,-10.75734,29.7402
-14.17026,-10.73948,29.74881
-14.14199,-10.72244,29.7573
-14.11507,-10.70655,29.76562
-14.08991,-10.69212,29.77371
-14.0669,-10.67947,29.78152
-14.04644,-10.6689,29.78898
-14.02894,-10.66074,29.79605
-14.0148,-10.6553,29.80268
-14.00441,-10.6529,29.80879
-13.99818,-10.65384,29.81435
-13.9965,-10.65845,29.81929
-13.97357,-10.63944,29.82069
-13.94863,-10.61941,29.82251
-13.92202,-10.59854,29.82469
-13.89405,-10.577,29.82716
-13.86505,-10.55497,29.82985
-13.83533,-10.53263,29.83269
-13.80521,-10.51016,29.8356
-13.77502,-10.48773,29.83852
-13.74507,-10.46553,29.84137
-13.71569,-10.44373,29.84409
-13.6872,-10.42251,29.8466
-13.65991,-10.40204,29.84884
-13.63415,-10.38251,29.85073
-13.61024,-10.3641,29.8522
-13.58849,-10.34698,29.85318
-13.56924,-10.33132,29.8536
-13.5528,-10.31732,29.85339
-13.53948,-10.30513,29.85248
-13.52962,-10.29496,29.8508
-13.52353,-10.28696,29.84827
-13.4896,-10.26706,29.8532
-13.45432,-10.24588,29.85765
-13.41798,-10.22364,29.86165
-13.38089,-10.20057,29.86523
-13.34334,-10.17691,29.86842
-13.30564,-10.15289,29.87124
-13.26809,-10.12872,29.87372
-13.23097,-10.10465,29.87589
-13.19461,-10.08091,29.87777
-13.15929,-10.05771,29.87938
-13.12532,-10.0353,29.88076
-13.09299,-10.0139,29.88193
-13.06261,-9.993739,29.88291
-13.03448,-9.975051,29.88374
-13.00889,-9.958062,29.88444
-12.98615,-9.943006,29.88503
-12.96656,-9.930108,29.88554
-12.95042,-9.9196,29.886
-12.93802,-9.911714,29.88644
-12.92967,-9.906673,29.88688
-12.90548,-9.892838,29.88798
-12.87919,-9.877995,29.88917
-12.85094,-9.862239,29.89045
-12.82086,-9.845669,29.89183
-12.78908,-9.828378,29.89332
-12.75574,-9.810464,29.89495
-12.72096,-9.792022,29.89672
-12.68487,-9.77315,29.89865
-12.64761,-9.753942,29.90075
-12.6093,-9.734495,29.90303
-12.57008,-9.714905,29.90551
-12.53008,-9.695268,29.9082
-12.48942,-9.675681,29.91111
-12.44825,-9.656239,29.91426
-12.40668,-9.637037,29.91765
-12.36486,-9.618175,29.92131
-12.32291,-9.599745,29.92524
-12.28096,-9.581844,29.92947
-12.23914,-9.56457,29.93399
-12.19759,-9.548018,29.93883
-12.17436,-9.539574,29.94128
-12.14777,-9.530005,29.94396
-12.11829,-9.519479,29.94683
-12.08641,-9.508162,29.94986
-12.05261,-9.496219,29.95301
-12.01738,-9.483817,29.95624
-11.98119,-9.471122,29.95952
-11.94453,-9.458301,29.96281
-11.90788,-9.445518,29.96607
-11.87171,-9.432941,29.96927
-11.83652,-9.420735,29.97238
-11.80278,-9.409069,29.97535
-11.77098,-9.398107,29.97814
-11.74159,-9.388014,29.98074
-11.7151,-9.378957,29.98309
-11.69199,-9.371103,29.98516
-11.67275,-9.364618,29.98691
-11.65785,-9.359668,29.98831
-11.64777,-9.35642,29.98933
-11.64301,-9.355038,29.98992
-11.59801,-9.343296,29.99456
-11.55066,-9.331388,29.9995
-11.50135,-9.319352,30.00467
-11.45048,-9.307232,30.00999
-11.39844,-9.295065,30.0154
-11.34561,-9.282892,30.02083
-11.29238,-9.270754,30.0262
-11.23915,-9.25869,30.03144
-11.18631,-9.24674,30.03649
-11.13424,-9.234945,30.04127
-11.08334,-9.223346,30.04572
-11.03399,-9.211982,30.04976
-10.9866,-9.200892,30.05331
-10.94153,-9.190118,30.05632
-10.8992,-9.179701,30.05871
-10.85998,-9.169679,30.06041
-10.82427,-9.160091,30.06135
-10.79246,-9.150982,30.06145
-10.76494,-9.142387,30.06066
-10.7421,-9.13435,30.05889
-10.6838,-9.125648,30.06308
-10.63152,-9.117637,30.06664
-10.58471,-9.110246,30.0696
-10.54281,-9.103406,30.07201
-10.50527,-9.097049,30.07391
-10.47155,-9.091107,30.07535
-10.44107,-9.085511,30.07636
-10.41331,-9.080193,30.077
-10.38769,-9.075082,30.07731
-10.36366,-9.070112,30.07731
-10.34069,-9.065215,30.07707
-10.3182,-9.06032,30.07663
-10.29566,-9.05536,30.07601
-10.2725,-9.050265,30.07528
-10.24818,-9.044968,30.07446
-10.22213,-9.0394,30.07361
-10.19382,-9.033492,30.07277
-10.16268,-9.027175,30.07198
-10.12816,-9.020382,30.07128
-10.08972,-9.013042,30.07071
-10.06769,-9.007022,30.06787
-10.04472,-9.002121,30.06618
-10.02061,-8.998275,30.06559
-9.99511,-8.995421,30.06604
-9.96801,-8.993501,30.06748
-9.939084,-8.992447,30.06985
-9.90811,-8.9922,30.07311
-9.874862,-8.992697,30.07719
-9.839117,-8.993875,30.08205
-9.800652,-8.99567,30.08763
-9.759242,-8.998023,30.09388
-9.714665,-9.000868,30.10074
-9.666697,-9.004146,30.10816
-9.615115,-9.00779,30.11608
-9.559693,-9.011743,30.12445
-9.500209,-9.015939,30.13323
-9.436441,-9.020316,30.14234
-9.368163,-9.024813,30.15175
-9.295153,-9.029364,30.1614
-9.217186,-9.033911,30.17122
-9.198104,-9.035852,30.17349
-9.178335,-9.03754,30.17546
-9.157689,-9.039029,30.17718
-9.13598,-9.040371,30.17869
-9.113021,-9.041615,30.18002
-9.088622,-9.042819,30.18121
-9.062598,-9.044032,30.1823
-9.034762,-9.045307,30.18334
-9.004925,-9.0467,30.18436
-8.9729,-9.048258,30.18539
-8.938499,-9.050038,30.18649
-8.901537,-9.052091,30.18769
-8.861823,-9.05447,30.18902
-8.819172,-9.057227,30.19053
-8.773395,-9.060414,30.19225
-8.724306,-9.064087,30.19423
-8.671717,-9.068295,30.19651
-8.61544,-9.073091,30.19912
-8.555289,-9.078529,30.2021
-8.491075,-9.084661,30.20549
-8.420664,-9.088125,30.2014
-8.354836,-9.091656,30.19774
-8.293221,-9.095262,30.19448
-8.235444,-9.098952,30.19156
-8.181136,-9.102736,30.18896
-8.129926,-9.106624,30.18663
-8.081442,-9.110623,30.18454
-8.035313,-9.114745,30.18265
-7.991168,-9.118999,30.18093
-7.948636,-9.123394,30.17932
-7.907345,-9.127938,30.1778
-7.866924,-9.132643,30.17632
-7.827003,-9.137515,30.17486
-7.787209,-9.142566,30.17336
-7.747171,-9.147802,30.17179
-7.706519,-9.153238,30.17012
-7.66488,-9.158879,30.16831
-7.621885,-9.164736,30.16631
-7.577161,-9.170817,30.16409
-7.530337,-9.177134,30.16161
-7.496945,-9.175078,30.15209
-7.460063,-9.174299,30.1427
-7.420171,-9.174673,30.13346
-7.377752,-9.176077,30.12437
-7.333285,-9.178384,30.11546
-7.287251,-9.181472,30.10674
-7.240133,-9.185217,30.09823
-7.192411,-9.189495,30.08994
-7.144566,-9.194183,30.0819
-7.097079,-9.199156,30.0741
-7.050432,-9.204289,30.06659
-7.005105,-9.20946,30.05935
-6.96158,-9.214543,30.05243
-6.920338,-9.219417,30.04582
-6.881858,-9.223956,30.03955
-6.846624,-9.228036,30.03363
-6.815116,-9.231534,30.02807
-6.787815,-9.234325,30.02291
-6.765202,-9.236286,30.01814
-6.747758,-9.237293,30.01379
-6.715245,-9.246873,30.01195
-6.681018,-9.256413,30.00927
-6.644916,-9.266008,30.00575
-6.60678,-9.275749,30.00139
-6.566447,-9.285728,29.99619
-6.523758,-9.29604,29.99014
-6.478554,-9.306775,29.98325
-6.430673,-9.318027,29.97552
-6.379954,-9.329889,29.96694
-6.326239,-9.342453,29.95752
-6.269364,-9.355812,29.94725
-6.209172,-9.370058,29.93613
-6.145502,-9.385283,29.92416
-6.078191,-9.401582,29.91135
-6.007082,-9.419046,29.89769
-5.932012,-9.437767,29.88317
-5.852821,-9.457839,29.8678
-5.769351,-9.479355,29.85159
-5.681439,-9.502404,29.83452
-5.588925,-9.527083,29.81659
-5.559925,-9.528036,29.80239
-5.529246,-9.529929,29.78802
-5.497088,-9.532722,29.77357
-5.46365,-9.536375,29.75909
-5.429129,-9.540849,29.74468
-5.393725,-9.546105,29.7304
-5.357636,-9.552103,29.71633
-5.321061,-9.558804,29.70254
-5.284198,-9.566168,29.68911
-5.247246,-9.574157,29.67611
-5.210404,-9.582729,29.66361
-5.17387,-9.591846,29.6517
-5.137842,-9.60147,29.64044
-5.10252,-9.611558,29.62992
-5.068102,-9.622075,29.62019
-5.034787,-9.632977,29.61135
-5.002772,-9.644228,29.60345
-4.972259,-9.655787,29.59659
-4.943442,-9.667613,29.59083
-4.916523,-9.679669,29.58625
-4.858213,-9.698092,29.56546
-4.800491,-9.716886,29.54505
-4.743514,-9.735978,29.52508
-4.687436,-9.755303,29.50562
-4.632411,-9.774793,29.48671
-4.578597,-9.794377,29.46843
-4.526146,-9.813988,29.45085
-4.475215,-9.833556,29.43402
-4.425959,-9.853014,29.41801
-4.378533,-9.872292,29.40288
-4.333091,-9.891323,29.3887
-4.28979,-9.910037,29.37553
-4.248785,-9.928366,29.36343
-4.210229,-9.94624,29.35248
-4.174278,-9.963593,29.34272
-4.141089,-9.980355,29.33422
-4.110815,-9.996458,29.32706
-4.083612,-10.01183,29.32128
-4.059635,-10.02641,29.31697
-4.039039,-10.04012,29.31417
-3.985463,-10.06422,29.29262
-3.934664,-10.0871,29.27207
-3.886488,-10.10891,29.25251
-3.84078,-10.12974,29.23391
-3.797387,-10.14971,29.21627
-3.756152,-10.16896,29.19957
-3.716922,-10.18758,29.18379
-3.679542,-10.20571,29.16891
-3.643858,-10.22346,29.15493
-3.609715,-10.24094,29.14183
-3.576958,-10.25827,29.12959
-3.545434,-10.27558,29.11819
-3.514986,-10.29298,29.10762
-3.485461,-10.31058,29.09787
-3.456705,-10.32851,29.08891
-3.428562,-10.34689,29.08075
-3.400878,-10.36582,29.07334
-3.373499,-10.38544,29.0667
-3.34627,-10.40585,29.06079
-3.319036,-10.42717,29.0556
-3.288555,-10.4418,29.03962
-3.258373,-10.45644,29.02381
-3.228523,-10.47106,29.00817
-3.199039,-10.48564,28.99273
-3.169956,-10.50016,28.97749
-3.141308,-10.51459,28.96248
-3.113129,-10.52891,28.94771
-3.085452,-10.54309,28.9332
-3.058312,-10.55712,28.91897
-3.031743,-10.57097,28.90503
-3.005778,-10.58461,28.8914
-2.980453,-10.59802,28.87809
-2.9558,-10.61118,28.86513
-2.931854,-10.62406,28.85252
-2.908649,-10.63665,28.84029
-2.886219,-10.64891,28.82845
-2.864598,-10.66082,28.81702
-2.84382,-10.67237,28.80601
-2.823919,-10.68352,28.79545
-2.804929,-10.69425,28.78534
-2.780533,-10.7164,28.77882
-2.757091,-10.73809,28.77286
-2.734462,-10.75953,28.76745
-2.712503,-10.78091,28.7626
-2.691071,-10.80241,28.75832
-2.670025,-10.82424,28.7546
-2.649222,-10.84658,28.75146
-2.62852,-10.86963,28.74889
-2.607776,-10.89357,28.7469
-2.586848,-10.91859,28.7455
-2.565593,-10.9449,28.74468
-2.54387,-10.97268,28.74445
-2.521536,-11.00212,28.74482
-2.498449,-11.03342,28.74579
-2.474465,-11.06676,28.74736
-2.449444,-11.10234,28.74954
-2.423242,-11.14036,28.75233
-2.395717,-11.18099,28.75574
-2.366727,-11.22444,28.75976
-2.33613,-11.27089,28.76441
-2.338052,-11.27596,28.77074
-2.339437,-11.28126,28.77664
-2.340229,-11.28699,28.78218
-2.340375,-11.29335,28.78745
-2.33982,-11.30051,28.79253
-2.338509,-11.30867,28.79751
-2.336387,-11.31802,28.80246
-2.3334,-11.32875,28.80747
-2.329493,-11.34105,28.81263
-2.324611,-11.35512,28.81802
-2.3187,-11.37113,28.82371
-2.311705,-11.38928,28.8298
-2.303571,-11.40977,28.83636
-2.294244,-11.43278,28.84347
-2.283669,-11.4585,28.85123
-2.271791,-11.48711,28.85971
-2.258555,-11.51883,28.869
-2.243908,-11.55382,28.87917
-2.227794,-11.59229,28.89032
-2.210158,-11.63442,28.90252
-2.210553,-11.66091,28.92191
-2.211195,-11.68704,28.94121
-2.212056,-11.71281,28.96041
-2.213114,-11.73821,28.97946
-2.214341,-11.76323,28.99835
-2.215713,-11.78788,29.01705
-2.217205,-11.81214,29.03552
-2.218791,-11.83602,29.05374
-2.220445,-11.8595,29.07168
-2.222143,-11.88259,29.0893
-2.223859,-11.90528,29.10659
-2.225567,-11.92756,29.12351
-2.227243,-11.94942,29.14003
-2.228862,-11.97088,29.15612
-2.230396,-11.99191,29.17176
-2.231822,-12.01252,29.18692
-2.233115,-12.0327,29.20156
-2.234247,-12.05244,29.21566
-2.235195,-12.07175,29.22919
-2.235934,-12.09061,29.24212
-2.242792,-12.1126,29.26276
-2.25034,-12.13424,29.28381
-2.258499,-12.15555,29.3052
-2.267187,-12.1765,29.32684
-2.276326,-12.1971,29.34865
-2.285836,-12.21736,29.37055
-2.295636,-12.23725,29.39246
-2.305648,-12.25678,29.41429
-2.315791,-12.27596,29.43597
-2.325986,-12.29476,29.4574
-2.336154,-12.31319,29.47852
-2.346213,-12.33126,29.49923
-2.356085,-12.34894,29.51945
-2.365689,-12.36625,29.53911
-2.374947,-12.38317,29.55812
-2.383778,-12.39971,29.5764
-2.392102,-12.41586,29.59386
-2.39984,-12.43162,29.61042
-2.406912,-12.44698,29.62601
-2.413238,-12.46194,29.64053
-2.434903,-12.4755,29.66847
-2.455356,-12.48973,29.69549
-2.474645,-12.50453,29.7216
-2.492818,-12.51978,29.74678
-2.509925,-12.53536,29.77104
-2.526014,-12.55116,29.79435
-2.541132,-12.56706,29.81672
-2.55533,-12.58295,29.83814
-2.568654,-12.59872,29.85861
-2.581154,-12.61423,29.87811
-2.592878,-12.62939,29.89664
-2.603875,-12.64408,29.91419
-2.614193,-12.65818,29.93076
-2.623881,-12.67157,29.94634
-2.632987,-12.68414,29.96092
-2.641559,-12.69578,29.9745
-2.649646,-12.70637,29.98707
-2.657297,-12.71579,29.99862
-2.66456,-12.72393,30.00915
-2.671484,-12.73067,30.01864
-2.706523,-12.74741,30.05656
-2.739177,-12.76203,30.09141
-2.769735,-12.77474,30.12352
-2.798488,-12.78572,30.15322
-2.825728,-12.79517,30.18084
-2.851745,-12.80331,30.20669
-2.876831,-12.81033,30.23113
-2.901275,-12.81643,30.25446
-2.92537,-12.82181,30.27702
-2.949406,-12.82666,30.29914
-2.973673,-12.8312,30.32114
-2.998464,-12.83562,30.34335
-3.024068,-12.84012,30.36611
-3.050778,-12.84489,30.38973
-3.078883,-12.85015,30.41455
-3.108674,-12.85609,30.44089
-3.140443,-12.86291,30.46908
-3.174481,-12.87081,30.49946
-3.211078,-12.87999,30.53234
-3.250526,-12.89065,30.56806
-3.274019,-12.89356,30.58663
-3.298049,-12.89858,30.60631
-3.322608,-12.90546,30.62698
-3.347692,-12.91397,30.64857
-3.373296,-12.92388,30.67095
-3.399413,-12.93496,30.69405
-3.426038,-12.94695,30.71776
-3.453165,-12.95964,30.74198
-3.480789,-12.97279,30.76662
-3.508904,-12.98615,30.79158
-3.537505,-12.99949,30.81676
-3.566586,-13.01259,30.84207
-3.596141,-13.0252,30.8674
-3.626166,-13.03708,30.89267
-3.656654,-13.04801,30.91776
-3.687599,-13.05774,30.94259
-3.718997,-13.06605,30.96706
-3.750841,-13.07269,30.99107
-3.783127,-13.07743,31.01451
-3.815847,-13.08003,31.03731
-3.842393,-13.1017,31.06149
-3.870416,-13.12224,31.08601
-3.899816,-13.14166,31.11082
-3.930491,-13.15998,31.13586
-3.962343,-13.17721,31.16109
-3.995268,-13.19335,31.18644
-4.029166,-13.20842,31.21185
-4.063936,-13.22243,31.23727
-4.099478,-13.2354,31.26265
-4.13569,-13.24732,31.28793
-4.172472,-13.25823,31.31305
-4.209722,-13.26812,31.33795
-4.24734,-13.277,31.36259
-4.285225,-13.2849,31.38689
-4.323277,-13.29181,31.41082
-4.361392,-13.29776,31.43431
-4.399473,-13.30275,31.4573
-4.437416,-13.3068,31.47975
-4.475121,-13.30991,31.50159
-4.512489,-13.3121,31.52276
-4.556317,-13.32015,31.54725
-4.600359,-13.32891,31.57186
-4.644623,-13.3382,31.59651
-4.689113,-13.34787,31.62118
-4.733837,-13.35776,31.64582
-4.778802,-13.3677,31.67038
-4.824012,-13.37754,31.69482
-4.869476,-13.38711,31.7191
-4.9152,-13.39625,31.74316
-4.961188,-13.4048,31.76697
-5.00745,-13.4126,31.79048
-5.053989,-13.41949,31.81364
-5.100814,-13.4253,31.83642
-5.14793,-13.42988,31.85876
-5.195344,-13.43306,31.88062
-5.243062,-13.43468,31.90196
-5.291092,-13.43459,31.92273
-5.339438,-13.43261,31.94288
-5.388108,-13.42859,31.96238
-5.437108,-13.42236,31.98118
-5.478879,-13.42539,31.99776
-5.522316,-13.42848,32.01474
-5.567381,-13.43155,32.03208
-5.614038,-13.43451,32.04973
-5.662246,-13.43729,32.06765
-5.711969,-13.43978,32.0858
-5.763168,-13.44191,32.10413
-5.815806,-13.44359,32.12259
-5.869846,-13.44473,32.14114
-5.925248,-13.44525,32.15973
-5.981975,-13.44507,32.17833
-6.039989,-13.44409,32.19688
-6.099252,-13.44223,32.21534
-6.159726,-13.43941,32.23366
-6.221374,-13.43553,32.25181
-6.284157,-13.43052,32.26973
-6.348037,-13.42429,32.28739
-6.412978,-13.41675,32.30473
-6.47894,-13.40781,32.32171
-6.545885,-13.3974,32.33829
-6.606458,-13.39293,32.35144
-6.667708,-13.38781,32.36425
-6.72949,-13.38212,32.37672
-6.791663,-13.37593,32.38884
-6.854082,-13.36932,32.40063
-6.916605,-13.36237,32.41209
-6.979088,-13.35514,32.42319
-7.041389,-13.34773,32.43395
-7.103363,-13.34019,32.44436
-7.164867,-13.33261,32.45442
-7.225759,-13.32507,32.46413
-7.285895,-13.31764,32.47348
-7.345131,-13.31039,32.48248
-7.403326,-13.30341,32.49112
-7.460334,-13.29676,32.4994
-7.516015,-13.29053,32.50731
-7.570222,-13.28479,32.51486
-7.622815,-13.27961,32.52205
-7.673648,-13.27508,32.52887
-7.72258,-13.27126,32.53531
-7.815101,-13.27141,32.54452
-7.903852,-13.27052,32.55276
-7.9891,-13.26871,32.5601
-8.071119,-13.26608,32.56659
-8.150179,-13.26275,32.57228
-8.226549,-13.25882,32.57723
-8.300501,-13.25441,32.58149
-8.372305,-13.24961,32.58512
-8.442232,-13.24456,32.58817
-8.510551,-13.23934,32.59071
-8.577536,-13.23408,32.59277
-8.643455,-13.22888,32.59442
-8.708578,-13.22386,32.59571
-8.773177,-13.21912,32.59671
-8.837523,-13.21477,32.59745
-8.901886,-13.21092,32.598
-8.966536,-13.20768,32.59842
-9.031743,-13.20517,32.59875
-9.09778,-13.20349,32.59905
-9.164916,-13.20274,32.59938
-9.216266,-13.1989,32.59629
-9.270995,-13.19575,32.59287
-9.328735,-13.19327,32.58918
-9.389115,-13.19145,32.58522
-9.451767,-13.19028,32.58103
-9.516318,-13.18976,32.57663
-9.582399,-13.18986,32.57205
-9.649642,-13.19059,32.56732
-9.717674,-13.19192,32.56246
-9.786127,-13.19385,32.5575
-9.85463,-13.19636,32.55247
-9.922813,-13.19945,32.54739
-9.990308,-13.2031,32.54229
-10.05674,-13.2073,32.53719
-10.12175,-13.21204,32.53213
-10.18495,-13.21731,32.52713
-10.24599,-13.2231,32.52221
-10.30448,-13.22939,32.51741
-10.36007,-13.23619,32.51274
-10.41237,-13.24346,32.50824
-10.48472,-13.24612,32.49624
-10.55455,-13.24932,32.48463
-10.62214,-13.25305,32.47334
-10.68774,-13.25725,32.46229
-10.75163,-13.26188,32.45142
-10.81407,-13.26692,32.44067
-10.87534,-13.27232,32.42996
-10.93569,-13.27803,32.41922
-10.99541,-13.28403,32.40838
-11.05475,-13.29028,32.39738
-11.11398,-13.29674,32.38614
-11.17337,-13.30336,32.3746
-11.23319,-13.31011,32.36268
-11.2937,-13.31696,32.35032
-11.35518,-13.32385,32.33744
-11.41789,-13.33077,32.32398
-11.4821,-13.33765,32.30987
-11.54808,-13.34448,32.29504
-11.61609,-13.3512,32.27942
-11.6864,-13.35779,32.26294
-11.73764,-13.36366,32.24859
-11.79004,-13.36902,32.23345
-11.84345,-13.37384,32.21756
-11.89777,-13.3781,32.20096
-11.95284,-13.3818,32.18369
-12.00855,-13.38491,32.16579
-12.06475,-13.38741,32.14731
-12.12133,-13.3893,32.12829
-12.17814,-13.39055,32.10875
-12.23506,-13.39114,32.08876
-12.29195,-13.39107,32.06835
-12.34868,-13.3903,32.04755
-12.40513,-13.38884,32.02641
-12.46115,-13.38665,32.00498
-12.51663,-13.38373,31.98329
-12.57143,-13.38005,31.96138
-12.62541,-13.37559,31.9393
-12.67845,-13.37036,31.91708
-12.73041,-13.36431,31.89477
-12.78117,-13.35745,31.87241
-12.83612,-13.3523,31.84594
-12.88982,-13.34721,31.81984
-12.94244,-13.34212,31.79401
-12.99414,-13.33697,31.76835
-13.04508,-13.33169,31.74275
-13.09542,-13.32622,31.71711
-13.14531,-13.32051,31.69134
-13.19493,-13.3145,31.66532
-13.24442,-13.30812,31.63896
-13.29396,-13.30131,31.61216
-13.34369,-13.29401,31.58481
-13.39379,-13.28617,31.5568
-13.44441,-13.27772,31.52805
-13.49571,-13.26861,31.49844
-13.54785,-13.25876,31.46787
-13.601,-13.24812,31.43625
-13.6553,-13.23664,31.40347
-13.71093,-13.22424,31.36942
-13.76805,-13.21088,31.334
-13.82681,-13.19648,31.29712
-13.859,-13.17689,31.27082
-13.89191,-13.15736,31.2439
-13.92543,-13.1379,31.21641
-13.95947,-13.11852,31.18844
-13.99391,-13.09922,31.16005
-14.02866,-13.08002,31.13131
-14.06362,-13.06091,31.1023
-14.09868,-13.04192,31.07307
-14.13374,-13.02303,31.04371
-14.1687,-13.00427,31.01427
-14.20345,-12.98563,30.98484
-14.23791,-12.96713,30.95547
-14.27195,-12.94877,30.92625
-14.30549,-12.93056,30.89723
-14.33842,-12.91251,30.86849
-14.37063,-12.89462,30.8401
-14.40202,-12.87689,30.81213
-14.4325,-12.85934,30.78464
-14.46197,-12.84198,30.75772
-14.4903,-12.82481,30.73141
-14.53006,-12.79371,30.68838
-14.56736,-12.76312,30.64721
-14.60229,-12.73287,30.60776
-14.63493,-12.70279,30.5699
-14.66537,-12.67274,30.53347
-14.69368,-12.64255,30.49836
-14.71996,-12.61205,30.46441
-14.74427,-12.58109,30.43149
-14.76672,-12.54951,30.39947
-14.78737,-12.51714,30.36819
-14.80632,-12.48383,30.33753
-14.82364,-12.44942,30.30735
-14.83942,-12.41373,30.27751
-14.85374,-12.37663,30.24786
-14.86669,-12.33793,30.21828
-14.87835,-12.29748,30.18862
-14.88879,-12.25513,30.15875
-14.89811,-12.2107,30.12852
-14.90639,-12.16405,30.09781
-14.91371,-12.11501,30.06646
-14.90368,-12.07419,30.05134
-14.89364,-12.03208,30.03518
-14.88344,-11.98885,30.01825
-14.87293,-11.94472,30.00078
-14.86196,-11.89989,29.98304
-14.85038,-11.85454,29.96527
-14.83806,-11.80889,29.94772
-14.82484,-11.76313,29.93065
-14.81059,-11.71746,29.9143
-14.79514,-11.67209,29.89893
-14.77836,-11.6272,29.88478
-14.76009,-11.583,29.87212
-14.7402,-11.53969,29.86118
-14.71854,-11.49747,29.85222
-14.69496,-11.45654,29.84549
-14.66931,-11.41709,29.84123
-14.64145,-11.37933,29.83972
-14.61123,-11.34346,29.84118
-14.57851,-11.30968,29.84587
-14.54314,-11.27818,29.85405
-14.51747,-11.25273,29.85655
-14.49044,-11.22728,29.85994
-14.46214,-11.20186,29.86417
-14.43268,-11.17646,29.86915
-14.40216,-11.1511,29.87481
-14.37069,-11.12579,29.88109
-14.33836,-11.10054,29.88789
-14.30528,-11.07534,29.89515
-14.27155,-11.05022,29.90281
-14.23729,-11.02518,29.91076
-14.20258,-11.00023,29.91896
-14.16754,-10.97538,29.92732
-14.13226,-10.95064,29.93578
-14.09686,-10.92602,29.94424
-14.06142,-10.90152,29.95265
-14.02607,-10.87716,29.96092
-13.99089,-10.85294,29.96899
-13.956,-10.82887,29.97678
-13.92149,-10.80497,29.98421
-13.88748,-10.78123,29.99121
-13.8286,-10.75542,30.01075
-13.77013,-10.7298,30.02979
-13.71193,-10.70438,30.0484
-13.65388,-10.67914,30.06664
-13.59584,-10.65408,30.08458
-13.5377,-10.6292,30.10229
-13.47931,-10.60447,30.11982
-13.42054,-10.5799,30.13725
-13.36128,-10.55547,30.15464
-13.30138,-10.53119,30.17206
-13.24072,-10.50704,30.18957
-13.17918,-10.48301,30.20724
-13.11661,-10.4591,30.22514
-13.05289,-10.43531,30.24333
-12.98789,-10.41161,30.26187
-12.92148,-10.38801,30.28084
-12.85353,-10.3645,30.3003
-12.78391,-10.34106,30.3203
-12.71249,-10.3177,30.34094
-12.63915,-10.2944,30.36226
-12.58884,-10.28476,30.37811
-12.53518,-10.27326,30.39353
-12.47828,-10.26007,30.40856
-12.41829,-10.24532,30.42325
-12.35533,-10.22917,30.43764
-12.28954,-10.21179,30.45177
-12.22105,-10.19331,30.46569
-12.14998,-10.17389,30.47944
-12.07648,-10.15368,30.49306
-12.00067,-10.13284,30.50659
-11.92268,-10.11151,30.52008
-11.84265,-10.08986,30.53358
-11.7607,-10.06803,30.54711
-11.67698,-10.04618,30.56073
-11.59161,-10.02445,30.57448
-11.50472,-10.003,30.5884
-11.41644,-9.981985,30.60253
-11.32691,-9.961554,30.61693
-11.23626,-9.94186,30.63162
-11.14462,-9.923056,30.64666
-11.07045,-9.918412,30.66099
-10.99515,-9.913804,30.67502
-10.91884,-9.909242,30.68874
-10.84161,-9.90474,30.70215
-10.76358,-9.900315,30.71524
-10.68484,-9.895977,30.72799
-10.60551,-9.891742,30.7404
-10.52569,-9.887621,30.75246
-10.44549,-9.883631,30.76416
-10.36501,-9.879784,30.77549
-10.28435,-9.876094,30.78644
-10.20363,-9.872575,30.797
-10.12295,-9.869239,30.80717
-10.04241,-9.866102,30.81693
-9.962131,-9.863177,30.82628
-9.882204,-9.860476,30.83521
-9.802741,-9.858017,30.8437
-9.723846,-9.855808,30.85175
-9.645629,-9.853868,30.85936
-9.568191,-9.852208,30.8665
-9.467509,-9.85085,30.86809
-9.36978,-9.849926,30.86941
-9.27473,-9.849359,30.87038
-9.182093,-9.849069,30.87096
-9.091597,-9.848981,30.87106
-9.002975,-9.849014,30.87061
-8.915955,-9.849092,30.86956
-8.830268,-9.849134,30.86783
-8.745646,-9.849066,30.86536
-8.661818,-9.848806,30.86208
-8.578515,-9.848278,30.85791
-8.495467,-9.847403,30.8528
-8.412406,-9.846102,30.84668
-8.32906,-9.844298,30.83947
-8.245161,-9.841914,30.83111
-8.160439,-9.83887,30.82154
-8.074625,-9.835088,30.81068
-7.987449,-9.830489,30.79847
-7.898641,-9.824998,30.78483
-7.807932,-9.818534,30.76971
-7.716187,-9.835882,30.76527
-7.623566,-9.854299,30.76061
-7.530144,-9.873743,30.75573
-7.436001,-9.894176,30.75061
-7.341212,-9.91556,30.74523
-7.245858,-9.937853,30.73959
-7.150015,-9.961015,30.73366
-7.053761,-9.985006,30.72743
-6.957172,-10.00979,30.7209
-6.860328,-10.03532,30.71404
-6.763305,-10.06157,30.70684
-6.666182,-10.08848,30.69928
-6.569036,-10.11603,30.69136
-6.471944,-10.14416,30.68306
-6.374985,-10.17285,30.67436
-6.278235,-10.20206,30.66525
-6.181773,-10.23173,30.65572
-6.085677,-10.26184,30.64575
-5.990024,-10.29234,30.63533
-5.89489,-10.32319,30.62444
-5.825615,-10.36123,30.62156
-5.756636,-10.39812,30.61749
-5.687868,-10.43392,30.61223
-5.619228,-10.46873,30.60578
-5.550633,-10.5026,30.59816
-5.482,-10.53563,30.58937
-5.413246,-10.56788,30.57943
-5.344287,-10.59943,30.56833
-5.27504,-10.63036,30.55609
-5.205421,-10.66075,30.54271
-5.135349,-10.69066,30.5282
-5.064739,-10.72017,30.51257
-4.993507,-10.74937,30.49582
-4.921572,-10.77833,30.47797
-4.848849,-10.80711,30.45902
-4.775256,-10.83581,30.43897
-4.700708,-10.86449,30.41784
-4.625124,-10.89323,30.39563
-4.548419,-10.92211,30.37235
-4.47051,-10.95119,30.34801
-4.448203,-10.97707,30.35144
-4.425137,-11.00318,30.35441
-4.401459,-11.02945,30.35699
-4.377318,-11.05581,30.35921
-4.35286,-11.08219,30.36113
-4.328235,-11.10851,30.36281
-4.303589,-11.1347,30.3643
-4.279071,-11.1607,30.36564
-4.254828,-11.18643,30.36689
-4.231009,-11.21181,30.36811
-4.20776,-11.23677,30.36934
-4.185231,-11.26124,30.37063
-4.163569,-11.28516,30.37204
-4.142922,-11.30843,30.37362
-4.123437,-11.33101,30.37542
-4.105263,-11.3528,30.3775
-4.088547,-11.37374,30.3799
-4.073438,-11.39377,30.38268
-4.060082,-11.41279,30.38589
-4.048629,-11.43075,30.38958
-4.048614,-11.47284,30.41442
-4.046542,-11.51429,30.43737
-4.042794,-11.55509,30.45868
-4.037751,-11.59524,30.47859
-4.031795,-11.63471,30.49736
-4.025307,-11.67351,30.51523
-4.018668,-11.71162,30.53246
-4.01226,-11.74904,30.5493
-4.006464,-11.78576,30.56599
-4.001662,-11.82176,30.58278
-3.998235,-11.85705,30.59993
-3.996565,-11.8916,30.61769
-3.997032,-11.92542,30.6363
-4.000018,-11.95849,30.65601
-4.005905,-11.99081,30.67709
-4.015073,-12.02237,30.69976
-4.027905,-12.05315,30.72429
-4.044782,-12.08315,30.75093
-4.066084,-12.11237,30.77993
-4.092194,-12.14079,30.81152
-4.120966,-12.17303,30.84419
-4.147856,-12.2048,30.87536
-4.173113,-12.23613,30.9052
-4.196987,-12.26705,30.93386
-4.219729,-12.29758,30.96149
-4.241589,-12.32775,30.98827
-4.262816,-12.35759,31.01433
-4.283662,-12.38713,31.03984
-4.304375,-12.4164,31.06496
-4.325207,-12.44541,31.08984
-4.346407,-12.47421,31.11465
-4.368225,-12.50282,31.13952
-4.390912,-12.53126,31.16463
-4.414717,-12.55956,31.19013
-4.43989,-12.58776,31.21618
-4.466683,-12.61588,31.24292
-4.495344,-12.64394,31.27053
-4.526125,-12.67198,31.29916
-4.559274,-12.70002,31.32895
-4.595043,-12.7281,31.36008
-4.60865,-12.77678,31.38494
-4.622901,-12.82413,31.40944
-4.63781,-12.87031,31.43366
-4.65339,-12.91548,31.45765
-4.669654,-12.95981,31.48146
-4.686617,-13.00345,31.50516
-4.704291,-13.04658,31.5288
-4.72269,-13.08935,31.55244
-4.741827,-13.13194,31.57613
-4.761716,-13.17449,31.59994
-4.78237,-13.21719,31.62391
-4.803802,-13.26019,31.64812
-4.826025,-13.30365,31.67261
-4.849054,-13.34774,31.69744
-4.872902,-13.39263,31.72268
-4.897582,-13.43847,31.74837
-4.923108,-13.48543,31.77458
-4.949492,-13.53367,31.80137
-4.976748,-13.58337,31.82878
-5.00489,-13.63467,31.85688
-5.046319,-13.64972,31.87859
-5.086155,-13.66697,31.90001
-5.124584,-13.68617,31.92118
-5.161788,-13.70704,31.94208
-5.197952,-13.72935,31.96275
-5.23326,-13.75282,31.98318
-5.267894,-13.7772,32.0034
-5.30204,-13.80223,32.02342
-5.33588,-13.82764,32.04325
-5.369598,-13.85319,32.0629
-5.403378,-13.8786,32.08238
-5.437405,-13.90363,32.10172
-5.471861,-13.92801,32.12091
-5.50693,-13.95148,32.13998
-5.542797,-13.97378,32.15893
-5.579645,-13.99466,32.17778
-5.617657,-14.01385,32.19654
-5.657017,-14.0311,32.21523
-5.697911,-14.04615,32.23384
-5.74052,-14.05873,32.25242
-5.799752,-14.05426,32.27087
-5.855273,-14.04999,32.28807
-5.907528,-14.04572,32.3041
-5.956964,-14.04125,32.31905
-6.00403,-14.03637,32.333
-6.04917,-14.03089,32.34605
-6.092832,-14.02462,32.35828
-6.135462,-14.01734,32.36977
-6.177508,-14.00887,32.38062
-6.219416,-13.999,32.39091
-6.261632,-13.98753,32.40073
-6.304604,-13.97426,32.41016
-6.348778,-13.95899,32.4193
-6.394601,-13.94153,32.42822
-6.44252,-13.92167,32.43702
-6.492981,-13.89922,32.44579
-6.546432,-13.87397,32.45461
-6.603319,-13.84573,32.46355
-6.664087,-13.81429,32.47274
-6.729186,-13.77946,32.48222
-6.760089,-13.71533,32.47259
-6.791375,-13.65047,32.46241
-6.822792,-13.58488,32.45166
-6.854082,-13.5186,32.44026
-6.884991,-13.45166,32.4282
-6.915263,-13.38409,32.41541
-6.944644,-13.31591,32.40185
-6.972879,-13.24715,32.38748
-6.999711,-13.17784,32.37225
-7.024886,-13.10801,32.35612
-7.04815,-13.03768,32.33903
-7.069244,-12.96689,32.32095
-7.087917,-12.89566,32.30183
-7.103912,-12.82403,32.28162
-7.116973,-12.75201,32.26028
-7.126846,-12.67964,32.23777
-7.133276,-12.60695,32.21403
-7.136007,-12.53396,32.18902
-7.134784,-12.46071,32.16269
-7.129352,-12.38721,32.13501
-7.159261,-12.28312,32.09475
-7.187534,-12.18277,32.05524
-7.214363,-12.08564,32.01627
-7.239938,-11.99123,31.97756
-7.264451,-11.899,31.93886
-7.288093,-11.80846,31.89993
-7.311057,-11.71906,31.86052
-7.333534,-11.63031,31.82037
-7.355715,-11.54168,31.77924
-7.377792,-11.45265,31.73687
-7.399957,-11.36271,31.69301
-7.422401,-11.27134,31.64741
-7.445316,-11.17803,31.59983
-7.468894,-11.08224,31.55
-7.493325,-10.98347,31.49769
-7.518802,-10.8812,31.44263
-7.545516,-10.77492,31.38458
-7.573659,-10.66409,31.3233
-7.603422,-10.54822,31.25851
-7.634997,-10.42677,31.18999
-7.664932,-10.33451,31.12611
-7.69656,-10.24236,31.06132
-7.729798,-10.15048,30.99578
-7.764557,-10.05904,30.92964
-7.800754,-9.968208,30.86304
-7.838301,-9.878157,30.79613
-7.877115,-9.789053,30.72908
-7.917108,-9.701066,30.66202
-7.958195,-9.614363,30.59511
-8.000291,-9.529112,30.5285
-8.043308,-9.445484,30.46233
-8.087164,-9.363645,30.39677
-8.13177,-9.283765,30.33195
-8.177043,-9.206012,30.26804
-8.222894,-9.130554,30.20517
-8.26924,-9.05756,30.14351
-8.315994,-8.987199,30.08319
-8.363071,-8.91964,30.02438
-8.410386,-8.85505,29.96722
-8.457851,-8.793598,29.91186
-8.510386,-8.718642,29.82994
-8.566403,-8.648086,29.75212
-8.62599,-8.581824,29.67823
-8.689233,-8.519753,29.60813
-8.756222,-8.461768,29.54168
-8.827044,-8.407763,29.47871
-8.901787,-8.357637,29.41909
-8.980539,-8.311283,29.36265
-9.063389,-8.268598,29.30925
-9.150423,-8.229476,29.25874
-9.241731,-8.193813,29.21097
-9.337399,-8.161506,29.16578
-9.437516,-8.132448,29.12303
-9.542169,-8.106538,29.08257
-9.651447,-8.083668,29.04424
-9.765439,-8.063735,29.00789
-9.88423,-8.046636,28.97338
-10.00791,-8.032263,28.94056
-10.13657,-8.020516,28.90927
-10.27029,-8.011287,28.87936
-10.28926,-8.031622,28.90189
-10.31415,-8.053718,28.92484
-10.34422,-8.077463,28.94827
-10.37876,-8.102746,28.97222
-10.41701,-8.129455,28.99675
-10.45826,-8.157476,29.02191
-10.50177,-8.186701,29.04774
-10.5468,-8.217014,29.07431
-10.59262,-8.248306,29.10166
-10.63851,-8.280464,29.12985
-10.68373,-8.313376,29.15892
-10.72754,-8.346931,29.18893
-10.76922,-8.381016,29.21993
-10.80803,-8.415519,29.25198
-10.84324,-8.450329,29.28511
-10.87412,-8.485333,29.3194
-10.89993,-8.520419,29.35487
-10.91995,-8.555478,29.3916
-10.93344,-8.590394,29.42962
-10.93966,-8.625058,29.469
-11.00685,-8.690906,29.51765
-11.06921,-8.756813,29.5671
-11.12701,-8.822903,29.61739
-11.18047,-8.889297,29.66853
-11.22986,-8.956116,29.72054
-11.2754,-9.023484,29.77345
-11.31736,-9.091521,29.82729
-11.35598,-9.160352,29.88207
-11.3915,-9.230096,29.93782
-11.42418,-9.300874,29.99455
-11.45425,-9.37281,30.05231
-11.48196,-9.446027,30.11109
-11.50757,-9.520644,30.17094
-11.53131,-9.596786,30.23187
-11.55343,-9.674572,30.29391
-11.57418,-9.754126,30.35707
-11.59381,-9.835569,30.42139
-11.61256,-9.919024,30.48688
-11.63068,-10.00461,30.55356
-11.64841,-10.09245,30.62147
-11.67698,-10.1685,30.66634
-11.70534,-10.24494,30.71083
-11.73342,-10.32168,30.75491
-11.76118,-10.39862,30.79855
-11.78854,-10.47564,30.84171
-11.81545,-10.55266,30.88435
-11.84186,-10.62955,30.92645
-11.86771,-10.70622,30.96797
-11.89293,-10.78257,31.00887
-11.91748,-10.85849,31.04911
-11.94129,-10.93388,31.08867
-11.96431,-11.00863,31.12751
-11.98648,-11.08264,31.1656
-12.00774,-11.15582,31.20289
-12.02804,-11.22804,31.23936
-12.04731,-11.29922,31.27497
-12.0655,-11.36924,31.30968
-12.08255,-11.43801,31.34347
-12.0984,-11.50542,31.37629
-12.113,-11.57136,31.40812
-12.16144,-11.65511,31.43015
-12.20611,-11.73445,31.45125
-12.24736,-11.80981,31.47146
-12.28551,-11.88161,31.49085
-12.32089,-11.95026,31.50947
-12.35385,-12.0162,31.52736
-12.38471,-12.07983,31.54461
-12.4138,-12.14158,31.56124
-12.44147,-12.20187,31.57733
-12.46803,-12.26111,31.59292
-12.49383,-12.31974,31.60808
-12.5192,-12.37816,31.62286
-12.54447,-12.43681,31.63731
-12.56997,-12.49609,31.65149
-12.59605,-12.55644,31.66545
-12.62302,-12.61826,31.67926
-12.65123,-12.68199,31.69297
-12.681,-12.74804,31.70663
-12.71268,-12.81682,31.7203
-12.74659,-12.88877,31.73404
-12.76609,-12.96368,31.74975
-12.78886,-13.03583,31.76281
-12.81471,-13.10532,31.77331
-12.84346,-13.17221,31.78136
-12.87494,-13.23659,31.78707
-12.90894,-13.29853,31.79056
-12.94531,-13.35811,31.79193
-12.98385,-13.41541,31.79129
-13.02438,-13.47051,31.78875
-13.06673,-13.52348,31.78442
-13.11071,-13.5744,31.77841
-13.15614,-13.62336,31.77082
-13.20284,-13.67043,31.76177
-13.25062,-13.71568,31.75136
-13.29931,-13.75919,31.73971
-13.34872,-13.80105,31.72692
-13.39868,-13.84133,31.7131
-13.449,-13.88011,31.69836
-13.4995,-13.91747,31.68281
-13.55,-13.95347,31.66656
-13.59878,-13.98236,31.64627
-13.64595,-14.00717,31.62582
-13.69163,-14.02805,31.60514
-13.73596,-14.04512,31.5842
-13.77907,-14.0585,31.56295
-13.82109,-14.06835,31.54133
-13.86215,-14.07477,31.51929
-13.90239,-14.0779,31.49679
-13.94194,-14.07788,31.47377
-13.98093,-14.07483,31.4502
-14.01949,-14.06889,31.426
-14.05776,-14.06018,31.40115
-14.09586,-14.04883,31.37559
-14.13393,-14.03498,31.34926
-14.17211,-14.01875,31.32212
-14.21051,-14.00028,31.29412
-14.24929,-13.97969,31.26521
-14.28855,-13.95713,31.23534
-14.32845,-13.9327,31.20446
-14.36911,-13.90656,31.17252
-14.38017,-13.86593,31.15372
-14.39137,-13.81976,31.13265
-14.40267,-13.76844,31.10948
-14.414,-13.71237,31.08434
-14.42531,-13.65194,31.05741
-14.43652,-13.58754,31.02881
-14.44759,-13.51956,30.99872
-14.45846,-13.44839,30.96728
-14.46906,-13.37443,30.93464
-14.47934,-13.29807,30.90096
-14.48923,-13.2197,30.86638
-14.49868,-13.13972,30.83107
-14.50763,-13.0585,30.79517
-14.51602,-12.97646,30.75883
-14.52379,-12.89397,30.72221
-14.53088,-12.81144,30.68545
-14.53722,-12.72925,30.64872
-14.54278,-12.64779,30.61216
-14.54747,-12.56746,30.57593
-14.55124,-12.48865,30.54017
-14.54322,-12.44155,30.52283
-14.533,-12.39259,30.50578
-14.52084,-12.34182,30.48887
-14.507,-12.28929,30.47192
-14.49173,-12.23505,30.45475
-14.47528,-12.17915,30.43718
-14.45789,-12.12164,30.41906
-14.43983,-12.06257,30.40019
-14.42134,-12.002,30.38042
-14.40269,-11.93995,30.35956
-14.38411,-11.8765,30.33745
-14.36587,-11.81169,30.3139
-14.34821,-11.74557,30.28875
-14.33138,-11.67818,30.26183
-14.31565,-11.60958,30.23295
-14.30126,-11.53982,30.20196
-14.28846,-11.46895,30.16866
-14.27751,-11.39701,30.1329
-14.26866,-11.32406,30.09449
-14.26215,-11.25015,30.05327
-14.25702,-11.14629,29.97886
-14.24981,-11.0456,29.90751
-14.24075,-10.94811,29.83915
-14.23008,-10.85385,29.77366
-14.21801,-10.76285,29.71097
-14.20478,-10.67516,29.65097
-14.19061,-10.59082,29.59357
-14.17573,-10.50984,29.53868
-14.16037,-10.43229,29.48619
-14.14474,-10.35817,29.43603
-14.12909,-10.28755,29.3881
-14.11364,-10.22044,29.34229
-14.09861,-10.15689,29.29852
-14.08423,-10.09692,29.25669
-14.07073,-10.04059,29.2167
-14.05834,-9.98792,29.17848
-14.04728,-9.938948,29.14191
-14.03778,-9.893709,29.10691
-14.03007,-9.852244,29.07338
